<?xml version="1.0" encoding="UTF-8"?>
<map version="1.5" tiledversion="1.7.2" orientation="orthogonal" renderorder="right-down" width="20" height="18" tilewidth="8" tileheight="8" infinite="0" nextlayerid="2" nextobjectid="1">
 <tileset firstgid="1" source="../Tilesets/mapAsset.tsx"/>
 <layer id="1" name="Camada de Tiles 1" width="20" height="18">
  <data encoding="csv">
173,193,193,193,193,173,173,173,173,173,173,173,173,173,173,173,173,173,173,173,
173,173,173,173,173,173,173,173,193,193,193,193,193,193,193,193,193,193,174,193,
173,173,173,68,69,70,173,173,173,173,173,175,173,173,68,69,70,173,173,193,
193,193,193,88,89,90,173,173,174,193,193,193,193,173,88,89,90,173,193,193,
173,173,173,108,109,110,193,193,193,193,193,193,193,193,108,109,110,193,173,193,
193,173,173,173,149,193,173,173,193,173,173,193,173,173,173,149,193,193,173,193,
193,193,173,173,169,168,168,168,168,168,168,168,168,168,168,169,168,168,169,193,
173,173,193,193,193,193,193,193,173,173,173,173,193,173,193,193,193,193,149,193,
173,175,173,173,173,173,173,173,173,173,173,173,173,173,173,173,193,193,149,193,
173,173,173,68,69,70,173,173,173,173,175,173,173,173,68,69,70,193,149,193,
173,173,193,88,89,90,173,173,173,173,173,173,173,193,88,89,90,193,149,193,
173,173,173,108,109,110,193,193,175,193,193,193,193,193,108,109,110,193,149,193,
173,173,193,173,149,193,193,193,173,173,173,213,193,173,173,149,193,193,149,193,
174,173,173,173,169,168,168,168,168,168,168,168,168,168,168,169,170,170,169,193,
173,173,173,173,193,193,173,173,173,193,213,193,193,173,193,209,193,193,173,193,
193,173,173,173,173,175,193,173,173,173,193,173,193,193,173,229,193,193,173,193,
173,174,193,193,173,173,193,215,173,173,173,173,193,175,193,209,173,173,173,193,
193,193,193,193,193,193,193,193,193,193,193,193,193,193,193,229,193,193,193,193
</data>
 </layer>
</map>
