<?xml version="1.0" encoding="UTF-8"?>
<map version="1.5" tiledversion="1.7.2" orientation="orthogonal" renderorder="right-down" width="55" height="18" tilewidth="8" tileheight="8" infinite="0" nextlayerid="2" nextobjectid="1">
 <tileset firstgid="1" source="../Tilesets/platformAsset.tsx"/>
 <layer id="1" name="Camada de Tiles 1" width="55" height="18">
  <data encoding="csv">
29,29,30,31,32,33,34,35,36,37,38,39,40,40,40,40,40,38,39,40,40,40,40,40,60,60,60,60,60,60,60,60,60,60,60,60,60,60,40,40,40,40,40,40,40,40,40,40,40,40,40,40,40,40,40,
49,29,29,29,29,29,29,29,29,29,29,30,31,32,33,34,35,36,37,38,39,40,60,60,80,80,80,80,80,80,80,80,80,80,80,80,80,80,60,60,60,60,60,60,60,60,60,60,60,60,60,60,60,60,60,
69,49,49,49,49,49,49,49,49,49,29,29,29,29,29,29,30,31,32,33,34,35,123,124,125,126,127,100,100,100,100,100,100,100,100,100,100,100,80,80,80,80,80,80,123,124,125,126,127,80,80,80,80,80,80,
89,69,69,69,69,69,69,69,69,69,49,49,49,49,49,29,29,29,29,29,29,29,143,144,145,146,147,35,36,37,38,39,40,120,120,120,120,120,100,100,100,29,29,29,143,144,145,146,147,33,34,35,36,37,38,
30,31,32,33,34,35,36,37,123,124,125,126,127,40,40,40,40,40,40,40,40,40,163,164,165,166,167,29,29,29,29,29,29,29,29,29,29,29,29,29,29,49,49,49,163,164,165,166,167,34,35,36,37,38,39,
29,29,30,31,32,33,34,35,143,144,145,146,147,60,60,60,60,60,60,60,60,60,60,60,60,60,60,40,40,40,40,40,40,123,124,125,126,127,40,40,40,40,40,40,40,40,40,40,123,124,125,126,127,40,40,
49,29,29,29,29,29,29,29,163,164,165,166,167,29,29,29,29,29,29,30,31,32,33,34,35,36,37,38,39,40,60,60,60,143,144,145,146,147,60,60,60,60,60,60,60,60,60,60,143,144,145,146,147,60,60,
69,49,49,49,49,49,49,29,29,29,29,29,29,49,49,49,49,49,49,29,29,29,29,30,31,32,33,34,35,36,37,38,39,163,164,165,166,167,80,80,80,80,80,80,80,80,80,80,163,164,165,166,167,80,80,
89,69,69,69,69,69,69,29,30,31,32,33,34,35,36,37,38,39,40,40,32,33,34,35,36,37,38,39,40,40,40,40,40,40,29,30,31,32,33,34,35,36,37,38,39,40,100,100,59,59,100,100,100,100,100,
59,89,89,89,89,89,29,30,31,32,33,34,35,36,37,38,39,40,40,60,40,40,40,40,40,40,40,40,40,60,60,60,60,60,40,40,40,29,30,31,32,33,34,35,36,37,38,39,79,79,59,59,59,59,120,
59,59,109,109,109,109,49,50,51,52,53,54,55,56,57,58,59,60,60,80,60,60,60,60,60,60,60,60,60,80,80,80,80,80,60,60,60,40,40,40,40,40,40,40,40,37,38,39,40,79,79,79,79,79,59,
59,79,236,237,238,239,69,70,71,72,73,74,75,76,77,78,79,80,80,100,80,80,80,80,80,80,80,80,80,100,100,100,100,100,80,80,80,60,60,60,60,60,60,60,151,151,151,59,60,60,236,237,238,239,59,
59,79,256,257,258,259,89,90,91,92,93,94,95,96,97,151,151,151,100,120,100,100,100,100,100,100,100,100,100,120,120,120,120,120,100,100,100,80,80,80,80,80,80,80,80,77,78,79,80,80,256,257,258,259,59,
59,79,276,277,278,279,109,110,111,112,113,114,115,116,117,118,119,120,120,120,120,120,120,120,120,120,120,120,120,116,117,118,119,120,120,120,120,100,314,315,314,315,100,100,100,97,98,99,100,100,276,277,278,279,59,
287,288,296,297,298,299,286,286,287,288,289,290,291,286,286,286,286,286,287,288,288,284,288,289,290,291,288,284,111,112,113,114,284,287,284,287,287,287,336,336,336,337,287,287,287,284,287,284,287,287,296,297,298,299,286,
301,302,303,304,305,306,307,308,309,310,311,312,313,314,315,316,317,318,319,320,301,302,303,304,305,306,307,308,192,193,192,193,313,314,315,316,317,318,350,350,350,350,303,304,305,306,307,308,309,310,311,312,313,314,315,
321,322,323,324,325,326,327,328,329,330,331,332,333,334,335,336,337,338,339,340,321,322,323,324,325,326,327,328,212,213,212,213,333,334,335,336,337,338,350,350,350,350,323,324,325,326,327,328,329,330,331,332,333,334,335,
341,342,343,344,345,346,347,348,349,350,351,352,353,354,355,356,357,358,359,360,341,342,343,344,345,346,347,348,232,233,232,233,353,354,355,356,357,358,359,360,341,342,343,344,345,346,347,348,349,350,351,352,353,354,355
</data>
 </layer>
</map>
